2527 4 2602.38 650.595
1410 184 116299.451 632.062233695652
1831 9 4931.389 547.932111111111
1004 53 40817.91 770.149245283019
1619 54 29076.663 538.456722222222
2106 23 11755.48 511.107826086956
1404 928 590828.986 636.669165948276
805 4 2383.31 595.8275
1013 19 11407.6 600.4
2516 5 2628.896 525.7792
2523 97 59784.704 616.337154639175
1625 6713 5965544.55000005 888.655526590206
1312 7 3908.131 558.304428571429
1402 484 354337.194 732.101640495867
1408 533 305654.134 573.45991369606
1106 744 736418.542000001 989.809868279571
1806 691 539109.2 780.186975397974
611 8 4390.419 548.802375
2507 17 9097.469 535.145235294118
1021 6 4505.682 750.947
2402 31 21201.387 683.915709677419
1109 1231 1333833.626 1083.53665800162
11 6 4491.667 748.611166666667
2000 4 3150 787.5
2533 4 2074.77 518.6925
2531 101 65968.5 653.153465346535
904 95 56638.768 596.197557894737
1810 443 317361.029 716.390584650113
2410 16 8525.049 532.8155625
1615 26 13942.817 536.262192307692
1306 367 272434.876 742.32936239782
2406 4 2267.308 566.827
2006 14 10201.734 728.695285714286
1116 306 300667.702 982.574189542483
1609 102 81340.58 797.456666666667
926 14 9935.217 709.658357142857
1703 1971 2860253.27000001 1451.16857940132
1113 495 423713.37 855.986606060606
1110 1809 1823030.676 1007.756039801
913 2 1924.243 962.1215
1123 18 10405.486 578.082555555555
811 63 38089.84 604.600634920635
1816 10 6565.65 656.565
1603 1839 1498600.02799999 814.899417074494
706 55 31105.679 565.5578
1612 212 157308.002 742.01887735849
2510 118 89960.246 762.374966101695
1127 3 1060.809 353.603
1608 2 387.5 193.75
1819 1 150 150
1900 6 3058.857 509.8095
1308 406 280881.305 691.825874384236
2414 1 400 400
801 52 32780.085 630.38625
2536 199 156736.891 787.622567839196
2503 2 864.074 432.037
0 1 240.741 240.741
2002 120 84535.851 704.465425
2303 46 35269.747 766.733630434783
1101 53 25472.593 480.614962264151
2114 14 6544.398 467.457
704 180 122726.77 681.815388888889
1025 81 64997.35 802.436419753086
1003 39 26156.546 670.680666666667
1015 19 13487.614 709.874421052632
8 18 7285.362 404.742333333333
2101 2 997.059 498.5295
1821 26 16239.59 624.599615384615
1017 4 1780.953 445.23825
1000 21 13141.627 625.791761904762
2513 559 455126.738 814.180211091234
5 3 1777.778 592.592666666667
2105 2 812.066 406.033
2005 26 14732.476 566.633692307692
1706 2276 3124530.178 1372.81642267135
1602 3078 2519156.31599999 818.439348927872
2007 10 7479.513 747.9513
2500 2366 1845320.2718 779.93249019442
1202 360 252628.455 701.745708333333
1623 43 31177.78 725.064651162791
2505 648 495832.0107 765.172856018518
1117 2339 1811929.525 774.659908080376
1008 3 1325 441.666666666667
1012 3 2075.641 691.880333333333
1607 13 9413.946 724.149692307692
1401 662 418654.071 632.407962235649
1311 23 11587.772 503.816173913044
901 4 1642.154 410.5385
1826 29 17476.701 602.644862068965
1618 508 367825.304 724.065559055118
701 134 93439.024 697.306149253732
1832 7 3810.422 544.346
1624 2074 1777842.32399999 857.204592092571
905 3 2035.714 678.571333333333
2534 95 62768.599 660.722094736842
12 6 3820.207 636.701166666667
1704 1263 1586874.2508 1256.43250261283
2521 70 43057.704 615.110057142857
1628 650 521952.82 803.004338461539
1126 13 10560.116 812.316615384615
1002 31 21089.167 680.295709677419
2504 401 347494.513 866.569857855362
2519 9 4327.92 480.88
1 1 500 500
2514 23 15451.816 671.818086956522
2113 7 2597.953 371.136142857143
2501 117 81018.338 692.464427350427
2419 12 6916.7249 576.393741666667
2418 20 14091.356 704.5678
2405 2 1375 687.5
804 9 5770.893 641.210333333333
1121 4 2806.69 701.6725
2524 58 40034.644 690.252482758621
800 9 7452.997 828.110777777778
2530 7 4007.919 572.559857142857
928 21 12877.927 613.234619047619
1814 37 25401.342 686.522756756757
906 377 253477.166 672.353225464191
1407 3808 2702139.34330001 709.595415782566
1114 1200 1456743.588 1213.95299
1818 4 1716.317 429.07925
607 31 16221.609 523.277709677419
1807 1 333.333 333.333
1906 2 1284.722 642.361
1403 94 57019.498 606.590404255319
927 1 137.931 137.931
1820 3 1970.833 656.944333333333
2508 219 148581.398 678.453872146119
1309 2142 1663391.097 776.559802521009
6 106 70782.208 667.756679245283
2110 36 29262.659 812.851638888889
2302 28 18075.403 645.550107142857
1102 2257 2555833.09 1132.40278688524
1802 531 420288.9653 791.504642749529
1622 1 300 300
1103 2031 2277357.084 1121.29841654357
1822 487 350297.268 719.296238193018
2411 1 444.444 444.444
1711 944 1312379.944 1390.23299152542
2102 12 5481.961 456.830083333333
705 154 96157.426 624.39887012987
1708 3100 5512093.03799999 1778.09452838709
1700 4879 8462534.66600001 1734.48138266038
2528 1082 856596.0387 791.678409149723
2535 767 554078.781000001 722.397367666233
912 35 27078.255 773.664428571429
1018 14 7722.0263 551.573307142857
2412 1 275.862 275.862
609 3 2238.852 746.284
1125 4 2388.7 597.175
2012 3 2450 816.666666666667
1621 152 105907.516 696.75997368421
1007 6 2922.216 487.036
1902 1 671.551 671.551
1833 2 813.132 406.566
2008 1 580.645 580.645
923 1 224.868 224.868
2108 1 227.273 227.273
1310 240 163024.458 679.268575
1610 29 16294.494 561.879103448276
1011 681 527026.623 773.901061674008
2115 5 3864.286 772.8572
1825 2 664.444 332.222
1627 324 243683.421 752.109324074074
1604 1312 1087154.972 828.624216463414
2404 1 131.579 131.579
700 98 73366.356 748.636285714286
1019 21 15443.156 735.388380952381
2509 402 281258.694 699.648492537314
932 3 1613.889 537.963
1614 4 1816.203 454.05075
1010 120 85879.188 715.6599
2009 483 327683.58 678.433913043478
1809 192 136624.638 711.58665625
1909 235 185097.621 787.64945106383
606 4 1527.507 381.87675
1803 303 215707.877 711.907184818482
1023 7 4206.072 600.867428571429
908 56 42772.348 763.791928571429
2522 3 2733.333 911.111
1201 3354 2819002.695 840.489771914133
2506 254 171363.79166 674.660597086614
1400 4502 3211427.28920001 713.333471612618
808 310 222055.921 716.309422580645
1111 3198 3653021.97199999 1142.28329330832
924 12 8123.442 676.9535
907 2 714.286 357.143
2415 1 600 600
2109 646 436538.054 675.755501547987
1412 965 837572.147 867.950411398964
1119 5 2880 576
1914 2 1950 975
1709 1333 1708372.078 1281.59945836459
1601 4979 4192425.15599997 842.021521590674
1705 925 1281260.245 1385.14621081081
1834 23 11554.7652 502.381095652174
2111 218 148277.632 680.172623853211
613 6 2520.537 420.0895
1813 194 123205.851 635.081706185567
617 1 333.333 333.333
702 474 333962.996 704.563282700422
1505 21 23667.439 1127.0209047619
1006 2 971.429 485.7145
1613 565 400295.838 708.488208849558
1710 1334 2188856.429 1640.8219107946
1104 393 373045.575 949.225381679389
1305 23 12138.123 527.74447826087
1406 32 20868.373 652.13665625
2408 4 1930 482.5
1905 1 1000 1000
1118 157 156612.819 997.533878980891
2407 1 185.714 185.714
1823 125 81580.853 652.646824
2537 817 621123.516 760.249101591187
810 46 27050.7041 588.058784782609
1307 3 2409.091 803.030333333333
1812 4 1522.484 380.621
2305 31 19820.856 639.382451612903
7 9 4480.812 497.868
1701 1445 2407441.796 1666.04968581315
600 12 7520.668 626.722333333333
2116 477 297339.676 623.353618448637
1301 1 120 120
1120 20 13128.027 656.40135
500 408 263236.897 645.188473039216
1105 121 92126.787 761.378404958677
1200 1094 883887.338 807.940893967093
918 40 26713.256 667.8314
604 61 31554.762 517.291180327869
2416 140 87059.102 621.850728571428
1001 1 500 500
1108 2 1717.953 858.9765
10 2 583.333 291.6665
1014 22 14721.083 669.140136363636
1805 6 3281.481 546.9135
1830 10 5986.906 598.6906
1620 263 193004.299 733.856650190114
1804 28 17765.582 634.485071428571
610 190 107851.6693 567.640364736842
929 1 109.89 109.89
1605 89 68249.265 766.845674157303
931 27 15447.668 572.135851851852
2515 11 8128.685 738.971363636364
1616 758 579250.892000001 764.183234828497
2417 1 320 320
1626 282 214857.55 761.906205673759
1409 922 753226.044000001 816.947986984816
1828 57 39683.001 696.193
1611 663 498760.369 752.278082956259
1128 280 195886.097 699.593203571429
2520 1155 825588.72 714.795428571429
1835 54 31338.82 580.348518518518
2409 353 217289.246 615.550271954674
2403 1 800 800
909 6 2403.572 400.595333333333
1815 377 284141.991 753.692283819628
1005 257 188436.82 733.217198443579
1124 754 844927.106 1120.59297877984
1829 1546 1157847.275 748.930967011642
614 5 2256.41 451.282
501 410 258085.581 629.477026829269
1115 1042 1029195.023 987.711154510557
1904 2 1800 900
1617 87 54564.713 627.180609195402
1702 2579 4615205.517 1789.53296510275
1024 3 837.791 279.263666666667
1302 58 40114.966 691.637344827586
1707 887 1384078.656 1560.40434723788
2511 1026 764387.769 745.017318713451
1112 807 782651.076 969.827851301116
703 176 156667.344 890.155363636364
2104 1 216.216 216.216
1100 607 442524.6383 729.035647940692
2517 52 28952.582 556.780423076923
925 1 200 200
809 262 205027.714 782.548526717557
3 128 88973.18 695.10296875
1824 1344 1040350.608 774.070392857143
9 107 72721.919 679.644102803738
1411 317 199359.776 628.895192429022
802 35 26960.007 770.285914285714
1600 570 469808.987000001 824.226292982457
4 3 2483.333 827.777666666667
807 389 275359.1341 707.864097943444
603 34 20617.975 606.411029411765
2003 44 24122.919 548.248159090909
